[']
'tis: 3, 6, 22, 34, 43, 44, 48, 50, 55, 57, 67, 68, 73
[A]
aphrodite: 
apollo: 1, 6, 11, 12, 13, 15, 24, 28, 42, 51, 52, 57, 64, 65, 
    78, 82
ares: 13
artemis: 11, 13
athena: 4, 11, 12
[C]
cadmus: 1, 3, 4, 15, 28
corinth: 1, 2, 28, 45, 46, 47, 53, 54, 55, 57, 58, 65, 80
creon: 1, 6, 7, 8, 9, 10, 16, 23, 24, 25, 29, 30, 31, 32, 33, 
    35, 36, 37, 39, 50, 81, 82, 83, 84, 85, 86
[D]
demeter: 
[H]
hades: 
hephaestus: 
hera: 
hermes: 
hestia: 
[K]
king of thebes: 0, 1, 3, 46
[L]
laïus: 1, 2, 8, 9, 10, 14, 15, 18, 26, 31, 32, 41, 42, 43, 
    44, 47, 48, 49, 61, 65, 66, 69, 70, 74
[M]
meropê: 1, 45, 56
[O]
oedipus: 0, 1, 2, 3, 4, 5, 6, 7, 8, 9, 10, 13, 16, 17, 18, 
    19, 20, 21, 22, 23, 24, 25, 26, 27, 28, 29, 30, 31, 32, 
    33, 35, 36, 37, 38, 39, 40, 41, 42, 43, 44, 45, 48, 49, 
    52, 53, 54, 55, 56, 57, 58, 59, 60, 61, 62, 63, 64, 65, 
    66, 67, 68, 69, 70, 71, 72, 74, 76, 77, 78, 79, 81, 82, 
    83, 84, 85, 86, 87
[P]
polybus: 1, 45, 46, 47, 53, 54, 56, 58, 80
poseidon: 
[T]
thebes: 0, 1, 2, 3, 4, 5, 8, 10, 11, 14, 15, 19, 23, 29, 31, 
    34, 36, 39, 40, 44, 45, 46, 47, 61, 64, 72, 76, 80, 82, 
    84, 87
[Z]
zeus: 1, 3, 4, 11, 13, 28, 51, 72
